>>> 
 RESTART: C:/Users/raysm/workspace/python/IntroductionToProgramming/mult_table/mult_table_unformated.py 
nmin[1]: 999995
nmax[1000000]: 
mmin[999995]: 
mmax[1000000]: 
table 999995 to 1000000 by 999995 to 1000000
 999990000025  999991000020  999992000015  999993000010  999994000005  999995000000 
 999991000020  999992000016  999993000012  999994000008  999995000004  999996000000 
 999992000015  999993000012  999994000009  999995000006  999996000003  999997000000 
 999993000010  999994000008  999995000006  999996000004  999997000002  999998000000 
 999994000005  999995000004  999996000003  999997000002  999998000001  999999000000 
 999995000000  999996000000  999997000000  999998000000  999999000000 1000000000000 

>>> 
 RESTART: C:/Users/raysm/workspace/python/IntroductionToProgramming/mult_table/mult_table_unformated.py 
nmin[1]: -5
nmax[0]: 5
mmin[-5]: 
mmax[5]: 
table -5 to 5 by -5 to 5
 25  20  15  10   5   0  -5 -10 -15 -20 -25 
 20  16  12   8   4   0  -4  -8 -12 -16 -20 
 15  12   9   6   3   0  -3  -6  -9 -12 -15 
 10   8   6   4   2   0  -2  -4  -6  -8 -10 
  5   4   3   2   1   0  -1  -2  -3  -4  -5 
  0   0   0   0   0   0   0   0   0   0   0 
 -5  -4  -3  -2  -1   0   1   2   3   4   5 
-10  -8  -6  -4  -2   0   2   4   6   8  10 
-15 -12  -9  -6  -3   0   3   6   9  12  15 
-20 -16 -12  -8  -4   0   4   8  12  16  20 
-25 -20 -15 -10  -5   0   5  10  15  20  25 
